% Line data for 5-bus system
% From  To     R(p.u.)   X(p.u.)   B/2(p.u.)
function linedata = line_data();
linedata = [
    1   2   0.02    0.06    0.03
    1   3   0.08    0.24    0.025
    2   3   0.06    0.18    0.02
    2   4   0.06    0.18    0.02
    2   5   0.04    0.12    0.015
    3   4   0.01    0.03    0.01
    4   5   0.08    0.24    0.025
];
